czx nan ceo 18 21453 23142 124121 23124 21413 24211 21425 22342 25214 22412 23112 23132
hqz 男 员工 18 21455 23141 124125 23124 21141 21141 21111 21112 25214 22412 21312 21312
czt nan 经理 18 21145 21314 12412 23124 21141 11241 21115 21142 25214 22412 21312 23112
cxr 男 营销 18 21415 21314 12412 23124 21141 21141 21115 24112 25214 22412 23112 23121
tdw 男 经理 18 21245 23124 12412 23124 21421 24221 23315 22242 25214 22412 21112 23112
tll 女 保安 18 21345 23314 12412 23124 24141 24551 21555 24552 25214 22412 23612 23612
sl nv 员工 18  12314 12314 12324 12324 15234 12534 12634 16234 12734 11234 16234 11234
whb 男 经理 18 12314 12314 12324 12324 15234 12534 12634 16234 12734 11234 16234 11234
ljd nan ceo 18 21314 12314 12324 12324 15234 12534 12634 16234 12734 11234 16234 11234
wyc 男 员工 18 12314 12314 12324 12324 15234 12534 12634 16234 12734 11234 16234 11342
gy nan 经理 18 12314 12314 12324 12324 15234 12534 12634 16234 12734 11234 16234 11234
zmh 男 营销 18 12314 12314 12324 12324 15234 12534 12634 16234 12734 11234 16234 11234
cg 男 经理 18 12314 12314 12324 12324 15234 12534 12634 16234 12734 11234 16234 11234
zh 女 保安 18 12314 12314 12324 12324 15234 12534 12634 16234 12734 11234 16234 11234
sf nv 员工 18  12314 12314 12324 12324 15234 12534 12634 16234 12734 11234 16234 11234
zly 女 经理 18 12314 12314 12324 12324 15234 12534 12634 16234 12734 11234 16234 11234
syl 男 经理 18 12314 12314 12324 12324 15234 12534 12634 16234 12734 11234 16234 11234
lhm 女 保安 18 12314 12314 12324 12324 15234 12534 12634 16234 12734 11234 16234 11234
wjl nv 员工 18  12314 12314 12324 12324 15234 12534 12634 16234 12734 11234 16234 11234
cfx 女 经理 18 12314 12314 12324 12324 15234 12534 12634 16234 12734 11234 16234 11234

